031198 155.53
123456 49.41
111111 10.50
124552 10.00
112103 10.00
128484 10.00
125208 10.00
114723 10.00
747465 10.00
168078 10.00
162577 10.00
164802 10.00
132431 10.00
132432 10.00
161267 10.00
161268 10.00
801659 15.00
146194 10.00
146195 10.00
144883 10.00
688612 20.00
157335 10.00
157335 10.00
196216 10.00
196216 10.00
196216 10.00
196216 10.00
196216 10.00
196216 10.00
196216 10.00
115467 10.00
157090 10.00
157320 10.00
157350 10.00
157420 10.00
158504 10.00
158591 10.00
158630 10.00
158630 10.00
158668 10.00
680302 10.00
681600 10.00
107252 10.00
107257 10.00
107272 10.00
107279 10.00
107283 10.00
107284 10.00
107287 10.00
108791 10.00
108798 10.00
108810 10.00
108811 10.00
108815 10.00
108817 10.00
108818 10.00
108823 10.00
108826 10.00
109652 10.00
116752 10.00
124790 115.00
125216 10.00
101468 10.00
103684 10.00
